0.38767456938048339
0.38767456938048339
0.90906105795447001
0.90906105795447001
 1.6504444651070425
 1.6504444651070425
 2.5451586584347350
 2.5451586584347350
 3.5883633806576571
 3.5883633806576571
 5.5885558420350518
 5.5885558420350518
 7.8324755051721775
 7.8324755051721775
 11.348623730614092
 11.348623730614092
 15.636011797372367
 15.636011797372367
 19.800832404530507
 19.800832404530507
 24.059144303245368
 24.059144303245368
 27.137284910775872
 27.137284910775872
 29.814228492193035
 29.814228492193035
 31.628135382064315
 31.628135382064315
 31.938960251688133
 31.938960251688133
 30.937688854426497
 30.937688854426497
 29.290921942211146
 29.290921942211146
 29.272767890580422
 29.272767890580422
 29.944116225507734
 29.944116225507734
 31.169391812290577
 31.169391812290577
 33.605482204023637
 33.605482204023637
 35.736610348501422
 35.736610348501422
 37.468835809496049
 37.468835809496049
 37.930340542510145
 37.930340542510145
 36.795872845646699
 36.795872845646699
 34.102784265952778
 34.102784265952778
 31.082527122352928
 31.082527122352928
 28.967601769587798
 28.967601769587798
 27.249595456557309
 27.249595456557309
 26.059782854664736
 26.059782854664736
 25.429499487451032
 25.429499487451032
 24.881955797196063
 24.881955797196063
 24.837079418934540
 24.837079418934540
 24.739672828154657
 24.739672828154657
 24.613145866701235
 24.613145866701235
 24.620538996213831
 24.620538996213831
 24.626325678935419
 24.626325678935419
 24.678933505688839
 24.678933505688839
 24.724645411395382
 24.724645411395382
 24.745776789233904
 24.745776789233904
 24.855890061958792
 24.855890061958792
 24.883617781859190
 24.883617781859190
 24.839501804847053
 24.839501804847053
 24.827016114199395
 24.827016114199395
 24.784745453456576
 24.784745453456576
 24.582643203085745
 24.582643203085745
 24.581090863092690
 24.581090863092690
 24.364313213471590
 24.364313213471590
 24.232724888645276
 24.232724888645276
 24.133488407566734
 24.133488407566734
 24.119289926696535
 24.119289926696535
 24.064021816629225
 24.064021816629225
 23.907774393318334
 23.907774393318334
 23.630962069522798
 23.630962069522798
 23.520420332814702
 23.520420332814702
 23.439162934336679
 23.439162934336679
 23.464344863967469
 23.464344863967469
 23.315837283599436
 23.315837283599436
 23.004517476808651
 23.004517476808651
 22.978466915926298
 22.978466915926298
 23.041663633140217
 23.041663633140217
 23.488349573337448
 23.488349573337448
 23.689128551299152
 23.689128551299152
 23.815144853577195
 23.815144853577195
 23.552859431859101
 23.552859431859101
 23.141646952398528
 23.141646952398528
 23.031601875707384
 23.031601875707384
 23.009913374038135
 23.009913374038135
 23.288218171197222
 23.288218171197222
 23.588692182900250
 23.588692182900250
 23.769549057775340
 23.769549057775340
 23.595092941880111
 23.595092941880111
 23.291004504997019
 23.291004504997019
 22.787777832940151
 22.787777832940151
 22.291436408455507
 22.291436408455507
 22.200745813232654
 22.200745813232654
 22.197491493283263
 22.197491493283263
 22.504560329980048
 22.504560329980048
 22.735072291568105
 22.735072291568105
 23.021018667715335
 23.021018667715335
 23.324118259994375
 23.324118259994375
 23.455596953748195
 23.455596953748195
 23.649526108611454
 23.649526108611454
 23.727044843417890
 23.727044843417890
 23.361273878173005
 23.361273878173005
 22.997552333684485
 22.997552333684485
 21.990916238681319
 21.990916238681319
 20.620165280361018
 20.620165280361018
 19.557337790719519
 19.557337790719519
 18.562901149518034
 18.562901149518034
 17.662216095595610
 17.662216095595610
 17.206398666224334
 17.206398666224334
 17.035344441784328
 17.035344441784328
 17.143878445982473
 17.143878445982473
 17.279780266581966
 17.279780266581966
 17.426488841418820
 17.426488841418820
 17.648476130597668
 17.648476130597668
 17.767758619981176
 17.767758619981176
 17.722924603127574
 17.722924603127574
 17.489443020374527
 17.489443020374527
 17.152818237910658
 17.152818237910658
 16.709890405673136
 16.709890405673136
 16.296417000009374
 16.296417000009374
 15.987495526747171
 15.987495526747171
 15.778236043804498
 15.778236043804498
 15.526006345333474
 15.526006345333474
 15.364319348821423
 15.364319348821423
 15.284815548862982
 15.284815548862982
 15.188856014163264
 15.188856014163264
 14.959212024992867
 14.959212024992867
 14.732764038861237
 14.732764038861237
 14.967639861262873
 14.967639861262873
 15.184258086188432
 15.184258086188432
 15.380674461389027
